$GPGSV,2,2,08,20,06,325,24,23,34,308,41,29,16,051,35,31,47,059,29*77
$PGRME,11.9,M,32.2,M,34.4,M*17
$GPVTG,010.5,T,017.7,M,000.0,N,0000.0,K*7B
$GPRMC,220051,A,4227.5080,N,08325.6988,W,000.0,010.5,160215,007.2,W*7F
$GPGGA,220051,4227.5080,N,08325.6988,W,2,07,1.0,226.4,M,-34.6,M,,*72
$GPGSA,A,3,,09,14,16,20,23,29,31,,,,,1.9,1.0,1.6*3D
$GPGSV,2,1,08,03,00,000,35,09,05,308,34,14,15,124,17,16,50,194,22*79
$GPGSV,2,2,08,20,06,325,24,23,34,308,41,29,16,051,35,31,47,059,30*7F
$PGRME,11.9,M,32.6,M,34.7,M*10
$GPVTG,010.5,T,017.7,M,000.0,N,0000.0,K*7B
$GPRMC,220052,A,4227.5080,N,08325.6988,W,000.0,010.5,160215,007.2,W*7C
$GPGGA,220052,4227.5080,N,08325.6988,W,2,07,1.0,226.4,M,-34.6,M,,*71
$GPGSA,A,3,,09,14,16,20,23,29,31,,,,,1.9,1.0,1.6*3D
$GPGSV,2,1,08,03,00,000,35,09,05,308,34,14,15,124,17,16,50,194,21*7A
$GPGSV,2,2,08,20,06,325,24,23,34,308,41,29,16,051,35,31,47,059,30*7F
$PGRME,12.0,M,32.9,M,35.0,M*13
$GPVTG,010.5,T,017.7,M,000.0,N,0000.0,K*7B
$GPRMC,220053,A,4227.5080,N,08325.6988,W,000.0,010.5,160215,007.2,W*7D
$GPGGA,220053,4227.5080,N,08325.6988,W,2,07,1.0,226.4,M,-34.6,M,,*70
$GPGSA,A,3,,09,14,16,20,23,29,31,,,,,1.9,1.0,1.6*3D
$GPGSV,2,1,08,03,00,000,34,09,05,308,34,14,15,124,18,16,50,194,20*75
$GPGSV,2,2,08,20,06,325,25,23,34,308,41,29,16,051,35,31,47,059,30*7E
$PGRME,12.0,M,33.0,M,35.1,M*1A
$GPVTG,010.5,T,017.7,M,000.0,N,0000.0,K*7B
$GPRMC,220054,A,4227.5079,N,08325.6988,W,000.0,010.5,160215,007.2,W*7C
$GPGGA,220054,4227.5079,N,08325.6988,W,2,07,1.0,226.4,M,-34.6,M,,*71
$GPGSA,A,3,,09,14,16,20,23,29,31,,,,,1.9,1.0,1.6*3D
$GPGSV,2,1,08,03,00,000,34,09,05,308,35,14,15,124,19,16,50,194,19*7F
$GPGSV,2,2,08,20,06,325,25,23,34,308,41,29,16,051,35,31,47,059,30*7E
$PGRME,12.0,M,33.0,M,35.1,M*1A
$GPVTG,010.5,T,017.7,M,000.0,N,0000.0,K*7B
$GPRMC,220055,A,4227.5079,N,08325.6988,W,000.0,010.5,160215,007.2,W*7D
$GPGGA,220055,4227.5079,N,08325.6988,W,2,07,1.0,226.4,M,-34.6,M,,*70
$GPGSA,A,3,,09,14,16,20,23,29,31,,,,,1.9,1.0,1.6*3D
$GPGSV,2,1,08,03,00,000,34,09,05,308,35,14,15,124,19,16,50,194,18*7E
$GPGSV,2,2,08,20,06,325,26,23,34,308,41,29,16,051,34,31,47,059,31*7D
$PGRME,12.0,M,33.4,M,35.5,M*1A
$GPVTG,010.5,T,017.7,M,000.0,N,0000.0,K*7B
$GPRMC,220056,A,4227.5079,N,08325.6988,W,000.0,010.5,160215,007.2,W*7E
$GPGGA,220056,4227.5079,N,08325.6988,W,2,07,1.0,226.4,M,-34.6,M,,*73
$GPGSA,A,3,,09,14,16,20,23,29,31,,,,,1.9,1.0,1.6*3D
$GPGSV,2,1,08,03,00,000,34,09,05,308,35,14,15,124,19,16,50,194,17*71
$GPGSV,2,2,08,20,06,325,26,23,34,308,41,29,16,051,34,31,47,059,32*7E
$PGRME,12.0,M,33.7,M,35.8,M*14
$GPVTG,010.5,T,017.7,M,000.0,N,0000.0,K*7B
$GPRMC,220057,A,4227.5079,N,08325.6988,W,000.0,010.5,160215,007.2,W*7F
$GPGGA,220057,4227.5079,N,08325.6988,W,2,07,1.0,226.4,M,-34.6,M,,*72
$GPGSA,A,3,,09,14,16,20,23,29,31,,,,,1.9,1.0,1.6*3D
$GPGSV,2,1,08,03,00,000,34,09,05,308,35,14,15,124,19,16,50,194,17*71
$GPGSV,2,2,08,20,06,325,26,23,34,308,41,29,16,051,33,31,47,059,32*79
$PGRME,12.1,M,33.7,M,35.8,M*15
$GPVTG,010.5,T,017.7,M,000.0,N,0000.0,K*7B
$GPRMC,220058,A,4227.5079,N,08325.6988,W,000.0,010.5,160215,007.2,W*70
$GPGGA,220058,4227.5079,N,08325.6988,W,2,07,1.0,226.4,M,-34.6,M,,*7D
$GPGSA,A,3,,09,14,16,20,23,29,31,,,,,1.9,1.0,1.6*3D
$GPGSV,2,1,08,03,00,000,34,09,05,308,35,14,14,124,19,16,50,194,18*7F
$GPGSV,2,2,08,20,06,325,25,23,34,308,41,29,16,051,32,31,47,059,32*7B
$PGRME,12.1,M,33.8,M,35.9,M*1B
$GPVTG,010.5,T,017.7,M,000.0,N,0000.0,K*7B
$GPRMC,220059,A,4227.5079,N,08325.6988,W,000.0,010.5,160215,007.2,W*71
$GPGGA,220059,4227.5079,N,08325.6988,W,2,07,1.0,226.4,M,-34.6,M,,*7C
$GPGSA,A,3,,09,14,16,20,23,29,31,,,,,1.9,1.0,1.6*3D
$GPGSV,2,1,08,03,00,000,34,09,05,308,35,14,14,124,18,16,50,194,19*7F
$GPGSV,2,2,08,20,06,325,25,23,34,308,41,29,16,051,32,31,47,059,33*7A
$PGRME,12.1,M,33.8,M,35.9,M*1B
$GPVTG,010.5,T,017.7,M,000.0,N,0000.0,K*7B
$GPRMC,220100,A,4227.5079,N,08325.6988,W,000.0,010.5,160215,007.2,W*7C
