$GPRMC,220252,A,4227.5076,N,08325.6991,W,000.0,010.5,160215,007.2,W*7F
$GPGGA,220252,4227.5076,N,08325.6991,W,2,08,1.0,228.0,M,-34.6,M,,*77
$GPGSA,A,3,03,09,14,16,20,23,29,31,,,,,1.8,1.0,1.5*3C
$GPGSV,2,1,08,03,44,260,25,09,06,309,37,14,14,124,19,16,51,194,27*76
$GPGSV,2,2,08,20,07,325,33,23,35,308,35,29,16,051,29,31,46,060,33*7F
$PGRME,10.7,M,40.8,M,42.2,M*10
$GPVTG,010.5,T,017.7,M,000.0,N,0000.0,K*7B
$GPRMC,220253,A,4227.5076,N,08325.6991,W,000.0,010.5,160215,007.2,W*7E
$GPGGA,220253,4227.5076,N,08325.6991,W,2,08,1.0,228.0,M,-34.6,M,,*76
$GPGSA,A,3,03,09,14,16,20,23,29,31,,,,,1.8,1.0,1.5*3C
$GPGSV,2,1,08,03,44,260,26,09,06,309,37,14,14,124,18,16,51,194,27*74
$GPGSV,2,2,08,20,07,325,33,23,35,308,35,29,16,051,29,31,46,060,33*7F
$PGRME,10.6,M,40.7,M,42.1,M*1D
$GPVTG,010.5,T,017.7,M,000.0,N,0000.0,K*7B
$GPRMC,220254,A,4227.5076,N,08325.6991,W,000.0,010.5,160215,007.2,W*79
$GPGGA,220254,4227.5076,N,08325.6991,W,2,08,1.0,228.1,M,-34.6,M,,*70
$GPGSA,A,3,03,09,14,16,20,23,29,31,,,,,1.8,1.0,1.5*3C
$GPGSV,2,1,08,03,44,260,26,09,06,309,37,14,14,124,18,16,51,194,26*75
$GPGSV,2,2,08,20,07,325,32,23,35,308,36,29,16,051,30,31,46,060,32*74
$PGRME,10.6,M,40.5,M,41.9,M*14
$GPVTG,010.5,T,017.7,M,000.0,N,0000.0,K*7B
$GPRMC,220255,A,4227.5076,N,08325.6991,W,000.0,010.5,160215,007.2,W*78
$GPGGA,220255,4227.5076,N,08325.6991,W,2,08,1.0,228.1,M,-34.6,M,,*71
$GPGSA,A,3,03,09,14,16,20,23,29,31,,,,,1.8,1.0,1.5*3C
$GPGSV,2,1,08,03,44,260,27,09,06,309,37,14,14,124,18,16,51,194,26*74
$GPGSV,2,2,08,20,07,325,32,23,35,308,36,29,16,051,31,31,46,060,31*76
$PGRME,10.6,M,40.4,M,41.7,M*1B
$GPVTG,010.5,T,017.7,M,000.0,N,0000.0,K*7B
$GPRMC,220256,A,4227.5076,N,08325.6991,W,000.0,010.5,160215,007.2,W*7B
$GPGGA,220256,4227.5076,N,08325.6991,W,2,08,1.0,228.1,M,-34.6,M,,*72
$GPGSA,A,3,03,09,14,16,20,23,29,31,,,,,1.8,1.0,1.5*3C
$GPGSV,2,1,08,03,44,260,28,09,06,309,37,14,14,124,18,16,51,194,26*7B
$GPGSV,2,2,08,20,07,325,31,23,35,308,36,29,16,051,32,31,46,060,30*77
$PGRME,10.6,M,40.1,M,41.5,M*1C
$GPVTG,010.5,T,017.7,M,000.0,N,0000.0,K*7B
$GPRMC,220257,A,4227.5076,N,08325.6991,W,000.0,010.5,160215,007.2,W*7A
$GPGGA,220257,4227.5076,N,08325.6991,W,2,08,1.0,228.2,M,-34.6,M,,*70
$GPGSA,A,3,03,09,14,16,20,23,29,31,,,,,1.8,1.0,1.5*3C
$GPGSV,2,1,08,03,44,259,28,09,06,309,37,14,14,124,18,16,51,194,25*72
$GPGSV,2,2,08,20,07,325,30,23,35,308,36,29,16,051,33,31,46,060,29*7F
$PGRME,10.6,M,39.9,M,41.3,M*1C
$GPVTG,010.5,T,017.7,M,000.0,N,0000.0,K*7B
$GPRMC,220258,A,4227.5076,N,08325.6991,W,000.0,010.5,160215,007.2,W*75
$GPGGA,220258,4227.5076,N,08325.6991,W,2,08,1.0,228.2,M,-34.6,M,,*7F
$GPGSA,A,3,03,09,14,16,20,23,29,31,,,,,1.8,1.0,1.5*3C
$GPGSV,2,1,08,03,44,259,28,09,06,309,37,14,14,124,18,16,51,194,24*73
$GPGSV,2,2,08,20,07,325,29,23,35,308,37,29,16,051,34,31,46,060,29*71
$PGRME,10.6,M,39.7,M,41.1,M*10
$GPVTG,010.5,T,017.7,M,000.0,N,0000.0,K*7B
$GPRMC,220259,A,4227.5076,N,08325.6991,W,000.0,010.5,160215,007.2,W*74
$GPGGA,220259,4227.5076,N,08325.6991,W,2,08,1.0,228.2,M,-34.6,M,,*7E
$GPGSA,A,3,03,09,14,16,20,23,29,31,,,,,1.8,1.0,1.5*3C
$GPGSV,2,1,08,03,44,259,27,09,06,309,37,14,14,124,18,16,51,194,24*7C
$GPGSV,2,2,08,20,07,325,28,23,35,308,37,29,16,051,34,31,46,060,29*70
$PGRME,10.6,M,39.6,M,41.0,M*10
$GPVTG,010.5,T,017.7,M,000.0,N,0000.0,K*7B
$GPRMC,220300,A,4227.5076,N,08325.6991,W,000.0,010.5,160215,007.2,W*79
$GPGGA,220300,4227.5076,N,08325.6991,W,2,08,1.0,228.2,M,-34.6,M,,*73
$GPGSA,A,3,03,09,14,16,20,23,29,31,,,,,1.8,1.0,1.5*3C
$GPGSV,2,1,08,03,44,259,26,09,06,309,37,14,14,124,18,16,51,194,24*7D
$GPGSV,2,2,08,20,07,325,28,23,35,308,37,29,16,051,34,31,46,060,28*71
$PGRME,10.6,M,39.5,M,40.9,M*1B
$GPVTG,010.5,T,017.7,M,000.0,N,0000.0,K*7B
$GPRMC,220301,A,4227.5076,N,08325.6991,W,000.0,010.5,160215,007.2,W*78
